2491	10	715
2077	14	3070
2337	10	687
5159	10	715
2337	10	715
5209	10	687
5209	10	715
2491	10	687
5216	10	687
2121	10	715
5320	10	687
2148	10	715
758	10	279
6051	10	715
2232	10	715
2312	10	715
2232	10	687
2121	10	687
5205	10	687
3082	4	5020
3082	4	1876
3082	4	1880
5209	10	721
3082	4	1319
5159	10	721
3082	4	1183
2695	10	721
107	10	721
3082	4	1870
3082	4	1863
5020	10	1323
3082	4	1179
3082	4	1792
3082	4	1873
6051	10	721
3082	4	1244
5020	10	4572
3082	4	1119
3082	4	1275
263	4	5014
3082	4	5352
5450	10	721
3082	4	1314
263	4	5020
3082	4	5524
3082	4	1799
3082	4	5653
3082	4	5655
5208	10	721
3082	4	5348
263	4	5007
899	10	721
3082	4	5522
3076	4	1876
3082	4	1083
3082	4	1903
3076	4	1880
263	4	5011
721	4	5007
267	10	686
2077	10	770
3082	4	1336
263	4	5017
3082	4	2039
721	4	5014
721	4	5017
3076	4	5020
721	4	5011
2057	4	5661
715	10	5785
272	4	5014
2337	10	686
263	4	1863
2057	4	5657
345	10	686
5352	1	758
272	4	5007
321	10	686
2057	4	5357
2057	4	5526
5348	1	758
2057	4	5354
263	4	1873
272	4	5017
2057	4	5359
272	4	5011
2722	4	687
5655	1	758
5653	1	758
263	4	1870
687	10	4288
2057	4	5530
2057	4	5659
5524	1	758
267	4	5014
715	10	2769
2057	10	771
523	10	279
5522	1	758
267	4	5007
272	4	5020
262	4	5014
262	4	5020
3082	10	770
2714	1	279
263	10	686
3082	10	1875
2491	10	686
4265	1	267
262	4	5007
6102	1	279
281	10	2907
721	4	5338
687	10	5883
2715	1	279
3082	10	1874
2057	4	5528
267	4	5011
345	4	5007
715	10	2978
3082	10	1872
2690	1	279
345	4	5014
721	10	6187
40	4	5011
3716	1	267
5352	1	685
262	4	5011
5020	1	4906
687	4	4211
2745	4	1880
687	1	4287
267	4	5017
345	4	5011
262	4	5659
262	4	5017
2716	1	279
2084	4	5014
3077	10	771
2337	10	2744
2077	10	771
2084	4	5007
2491	10	2744
2112	4	5017
4184	1	267
3078	10	771
4097	1	267
262	4	5359
687	4	3854
5357	1	769
1863	1	936
3066	10	771
1870	1	936
1873	1	936
5348	1	685
5020	1	1972
1876	1	1492
3072	10	770
5522	1	685
3074	10	771
715	10	6084
5530	1	769
5659	1	5648
3082	10	1871
2195	10	686
3082	4	5017
715	1	5797
3689	1	267
267	10	771
3071	10	771
291	10	686
3662	1	267
5657	1	5648
3070	10	770
5020	1	1244
5354	1	769
3066	10	770
3173	1	267
5020	1	1541
5655	1	685
5020	1	6150
3071	10	770
2337	10	2747
3089	1	267
5661	1	769
2337	10	5923
5475	1	719
3920	1	267
4145	1	267
2057	4	3716
2057	10	284
3082	10	1868
5661	1	5648
715	10	2493
5526	1	5648
3128	1	267
1880	1	1492
687	4	4163
5659	1	5511
687	4	3113
2693	1	279
715	10	2920
5657	1	769
2047	4	5657
3518	1	1863
5659	1	5342
5659	1	5218
3113	1	1863
2047	4	5354
262	4	5354
3074	10	770
5528	1	769
5354	1	5648
2047	4	5661
5020	1	1288
5528	1	5648
3518	1	1873
3740	1	1863
262	4	5528
687	4	3908
3524	1	1863
5659	1	5272
5020	1	4972
2047	4	5659
3878	1	1863
4148	1	267
5659	1	5520
3692	1	1863
687	4	3983
1876	1	1487
1024	10	515
3518	1	1870
3323	1	267
5661	1	5218
262	4	5357
2491	10	2747
5657	1	5342
687	4	3104
1870	1	555
2057	4	3386
262	4	5530
172	14	5020
5526	1	5511
5526	1	5218
2047	4	5528
5657	1	5218
3113	1	1873
687	10	6154
3878	1	1873
3692	1	1870
5661	1	5511
5661	1	5342
3077	10	770
4211	1	267
5359	1	769
687	4	4265
5528	1	5511
3749	1	267
3082	10	1869
3524	1	1873
5357	1	5648
5657	1	5511
3067	10	770
3076	10	2744
687	10	2761
687	4	3386
3692	1	1873
5530	1	5648
269	4	5574
3959	1	1863
5354	1	5218
3524	1	1870
5659	1	769
6102	1	719
5653	1	685
5354	1	5342
2491	10	2729
1873	1	555
5526	1	5342
262	4	5526
5354	1	5511
3113	1	1870
3740	1	1870
3878	1	1870
5528	1	5218
3281	1	267
3728	1	267
5657	1	5272
687	4	4079
363	4	5574
5354	1	5520
5661	1	5520
5526	1	5272
5661	1	5272
3740	1	1873
3665	1	267
4070	1	1863
5526	1	5520
5354	1	5272
2047	4	5357
1880	1	1487
262	4	5661
687	4	3086
1637	10	889
2047	4	5530
5657	1	5520
3308	1	267
3176	1	1863
3299	1	267
3959	1	1873
715	10	2447
3290	1	267
5359	1	5648
5528	1	5272
687	10	4286
1319	1	4687
721	10	6161
269	4	3998
3632	1	1863
5524	1	685
2732	10	2690
5530	1	5218
269	4	3794
3386	1	267
4070	1	1873
5357	1	5342
5528	1	5342
3617	1	1863
4268	1	1863
262	4	5657
4259	1	1863
4100	1	267
4163	1	267
719	6	89
3194	1	267
715	10	2918
5530	1	5342
4085	1	1863
2047	4	5359
2057	4	3170
4208	1	267
715	10	728
5530	1	5272
715	10	5937
5530	1	5511
3446	1	267
5655	1	2132
5161	4	5655
3809	1	267
3536	1	267
4091	1	1863
269	10	2619
5357	1	5218
4070	1	1870
3182	1	1863
5161	4	5522
687	4	3533
1863	1	555
2562	1	685
3959	1	1870
5471	1	719
5357	1	5511
2057	4	3167
4268	1	1870
269	4	3809
3176	1	1873
3266	1	267
715	10	5402
3596	1	267
2047	4	5526
3170	1	267
3896	1	1863
3767	1	1863
5357	1	5272
3695	1	267
3863	1	267
3617	1	1873
5357	1	5520
269	4	3188
687	4	3974
3743	1	267
3632	1	1870
715	10	2331
4268	1	1873
2057	4	3356
3599	1	267
4259	1	1873
2057	4	3869
1876	1	555
3722	1	267
4259	1	1870
715	4	5574
3962	1	267
5471	1	685
715	1	6149
3572	1	267
3221	1	1863
4085	1	1873
2057	4	3680
4130	1	267
3545	1	1863
1876	1	1496
4238	1	1863
3082	4	4687
5359	1	5218
3176	1	1870
269	4	3680
3767	1	1873
1880	1	555
3359	1	267
3275	1	1863
4091	1	1873
5359	1	5342
687	4	3479
4091	1	1870
3620	1	1863
3551	1	1863
687	4	3797
3137	1	267
3605	1	1863
4205	1	1863
4085	1	1870
5359	1	5511
2057	4	3326
1876	1	2008
3326	1	267
715	10	5696
3545	1	1870
3632	1	1873
3977	1	267
715	1	5789
687	4	4100
2057	4	3890
1185	1	279
3836	1	1863
687	4	3668
3617	1	1870
5653	1	2132
687	4	3167
3914	1	1863
3182	1	1873
3434	1	1863
5352	1	2132
2057	4	3266
3179	1	267
2057	4	3689
1981	1	4687
687	4	3677
3061	1	685
3713	1	1863
5359	1	5520
3083	1	267
3896	1	1873
687	4	3839
3076	10	5937
4151	1	1863
3182	1	1870
3767	1	1870
3845	1	267
5524	1	2132
5348	1	2132
2337	10	4286
3434	1	1873
3473	1	267
4013	1	267
715	10	2246
4016	1	267
3248	1	1863
5161	4	5524
687	4	3704
4247	1	267
687	4	3107
687	4	4136
4205	1	1873
2422	1	4655
687	4	4124
687	4	3632
3896	1	1870
4238	1	1873
3221	1	1873
1876	1	936
3605	1	1870
3836	1	1873
4109	1	267
3221	1	1870
4205	1	1870
3545	1	1873
3275	1	1873
687	4	3425
3257	1	1863
715	10	2981
5161	4	5348
3449	1	1863
687	4	3383
3212	1	1863
1880	1	1496
3914	1	1870
3623	1	1863
3275	1	1870
2047	4	5729
4217	1	1863
3551	1	1873
3899	1	1863
2057	4	4013
3620	1	1873
3434	1	1870
2057	4	3470
2337	10	4288
5123	1	279
715	10	5656
3305	1	1863
3944	1	267
3623	1	1873
1880	1	2008
4151	1	1873
687	4	3617
3968	1	1863
687	4	3458
4007	1	1863
4238	1	1870
3569	1	1863
4052	1	1863
3869	1	267
1873	1	1972
3224	1	1863
3098	1	267
3605	1	1873
3248	1	1873
3620	1	1870
3710	1	1863
5161	4	5653
687	4	4106
3449	1	1870
687	4	4103
3914	1	1873
4043	1	267
2057	4	3299
3836	1	1870
3479	1	1863
263	4	3773
3839	1	1863
4151	1	1870
3212	1	1873
40	10	2619
2562	1	4655
4311	10	512
3953	1	1863
3551	1	1870
4088	1	1863
2047	4	5748
687	10	722
42	10	2619
3527	1	267
5574	1	719
687	4	3920
3737	1	1863
687	4	3938
3554	1	267
3698	1	267
3257	1	1873
3341	1	1863
3092	1	267
91	6	279
1863	1	4503
3899	1	1873
4687	1	936
3578	1	267
5522	1	2132
2057	4	3758
4217	1	1870
3731	1	1863
4007	1	1873
3230	1	1863
269	4	3266
3938	1	1863
1013	4	4271
3968	1	1870
2069	1	685
3491	1	267
2057	4	3191
5161	4	5352
687	1	6224
3911	1	267
1981	1	1487
3212	1	1870
2069	1	4655
3713	1	1873
263	4	3815
3713	1	1870
4133	1	1863
2057	4	4067
2980	1	5908
3296	1	1863
263	4	3299
3839	1	1873
269	4	3866
3983	1	1863
3659	1	267
3076	10	717
2057	4	3677
2057	10	6151
4223	1	1863
715	10	6103
4052	1	1873
687	1	2746
1124	10	889
1873	1	1492
3899	1	1870
3449	1	1873
3968	1	1873
687	4	3863
3305	1	1873
3626	1	267
3938	1	1873
4217	1	1873
687	4	3596
4232	1	5014
687	4	3482
687	4	3197
3794	1	267
3677	1	267
3215	1	267
687	4	4205
4088	1	1873
2047	4	5590
1319	1	4680
3569	1	1873
2422	1	4676
1981	1	4684
3248	1	1870
5655	1	2128
3953	1	1870
1319	1	4684
4154	1	267
5780	10	2120
3623	1	1870
715	4	5705
3224	1	1870
3731	1	1873
3293	1	267
4052	1	1870
3344	1	1863
3224	1	267
1863	1	1972
4175	1	267
2057	10	919
687	10	2769
3494	1	267
2057	4	4097
2057	4	3128
3953	1	1873
2057	4	3944
3049	1	4655
1013	4	4085
3257	1	1870
3518	1	5020
687	4	4259
3305	1	1870
2057	4	3698
3425	1	267
3191	1	267
4007	1	1870
281	10	1491
3878	1	5020
687	4	3275
1873	1	4503
3119	1	267
3479	1	1873
3230	1	1870
3224	1	1873
3230	1	1873
3983	1	1873
1566	10	889
2057	4	3743
3701	1	1863
721	10	6151
1500	4	6150
1863	1	4972
269	4	3131
715	1	4287
3113	1	267
3983	1	1870
3569	1	1870
4115	1	1863
3887	1	1863
4232	1	1863
2971	10	889
3617	1	267
3986	1	1863
3803	1	1863
4223	1	1873
687	4	4082
3710	1	1870
3866	1	267
687	4	3518
3296	1	1873
3239	1	1863
4142	1	1863
3710	1	1873
833	4	3188
4133	1	1873
1863	1	1492
269	4	3602
687	4	3524
3341	1	1870
2057	10	922
4055	1	267
1637	10	890
4082	1	1863
1873	1	4972
3134	1	1863
2686	1	2980
715	10	5442
3878	1	5014
3803	1	1873
3938	1	1870
5705	1	719
687	4	4253
3422	1	1863
2422	1	4441
4040	1	267
3839	1	1870
3524	1	5020
1863	1	4912
3242	1	267
2422	1	4762
3296	1	1870
3989	1	1863
2422	1	685
3344	1	1873
6122	1	267
715	10	5400
2057	4	3794
3506	1	1863
3125	1	267
269	4	3407
4166	1	267
3061	1	4655
4088	1	1870
3377	1	267
3317	1	1863
4028	1	1863
1190	1	279
3374	1	1873
3470	1	267
687	4	4145
1999	1	1487
3374	1	1863
3341	1	1873
3731	1	1870
3479	1	1870
2977	1	685
2057	10	287
2057	4	3629
3692	1	5020
1024	10	512
3887	1	1873
687	4	4070
2057	4	4184
4687	1	719
3986	1	1873
2057	4	4112
687	4	3392
3362	1	1863
5653	1	2128
1002	4	4271
3737	1	1873
2337	10	2729
4064	1	267
2057	4	3491
3239	1	1870
2047	4	5615
1863	1	1244
1013	4	4133
269	4	3293
3344	1	1870
3200	1	1863
2491	10	4286
4115	1	1870
4223	1	1870
3737	1	1870
3110	1	1863
1987	1	1487
3422	1	1873
4202	1	1863
4115	1	1873
3701	1	1873
3890	1	267
4028	1	1873
3467	1	1863
2057	10	6154
4680	1	936
269	10	6157
2057	4	3359
4235	1	1863
687	4	4052
3905	1	267
3563	1	1863
2057	4	3404
687	10	6151
715	10	2497
3503	1	267
4196	1	1863
2686	1	2075
2695	4	5655
3887	1	1870
3986	1	1870
687	4	3134
2057	4	3098
2057	4	3536
687	4	3365
1870	1	1972
4133	1	1870
687	4	3290
4151	1	5020
687	4	3413
263	4	4112
3785	1	1863
3440	1	267
3827	1	1863
3383	1	1863
2057	4	3980
687	4	3374
3680	1	267
3740	1	5020
2057	4	4160
3521	1	267
687	4	4232
3908	1	1863
4232	1	1870
4121	1	1863
2057	4	3764
4124	1	1863
3422	1	1870
3314	1	267
4554	4	4311
1990	1	279
5011	1	4618
3785	1	1873
1002	4	4085
3950	1	267
98	6	279
3701	1	1870
3416	1	1863
3317	1	1870
3554	1	1863
3356	1	267
687	4	3623
4690	1	719
1999	1	1496
3449	1	5020
3236	1	267
2057	4	3155
2057	4	3587
4232	1	5017
4082	1	1873
3317	1	1873
2562	1	4762
1873	1	1244
4232	1	1873
4196	1	1873
2057	10	6152
4142	1	1873
2057	4	3137
4256	1	1863
1013	4	3449
1013	4	5352
3995	1	1863
1972	1	279
715	1	6145
3989	1	1873
2057	4	4004
3467	1	1873
3167	1	267
4256	1	1873
4202	1	1873
715	4	5471
3788	1	1863
1873	1	1253
3239	1	1873
1952	1	511
4028	1	1870
281	10	890
3767	1	5020
3149	1	1863
3362	1	1873
4178	1	1863
269	4	3158
3719	1	267
3506	1	1873
263	4	3197
361	4	5574
3803	1	1870
3374	1	1870
5095	1	279
3329	1	267
5352	1	2128
3302	1	267
5014	1	4618
269	4	3527
687	4	4133
4214	1	1863
3110	1	1873
4271	1	1863
4103	1	1863
263	10	284
2019	1	4687
5524	1	2128
1235	1	4687
3455	1	1863
1987	1	1492
4238	1	5020
363	4	5705
687	4	4238
4139	1	267
5655	1	2352
5348	1	2128
3104	1	267
1999	1	1492
4305	10	6161
4121	1	1873
3049	1	685
3434	1	5014
4181	1	267
1834	1	4687
3209	1	1863
3464	1	267
3200	1	1873
2695	4	5352
2722	4	3082
687	4	4115
3061	1	769
3362	1	1870
5017	1	4618
3506	1	1870
715	10	2563
687	4	3371
687	4	4208
687	4	3278
715	10	2349
3620	1	5020
715	10	3050
715	1	5795
4235	1	1873
715	10	5353
2125	10	2729
3416	1	1873
3668	1	1863
687	4	3359
1013	4	4070
2069	1	4676
2069	1	4762
3134	1	1873
2695	4	5653
4082	1	1870
2057	4	3353
4142	1	1870
3344	1	5020
833	4	3719
4235	1	1870
2069	1	769
1870	1	6160
687	4	4187
4250	1	1873
4687	1	758
3383	1	1873
715	10	470
2057	4	4208
4178	1	1870
3416	1	1870
2057	4	3749
2695	4	5348
1426	1	4687
2977	1	2075
5655	1	2120
3383	1	1870
3563	1	1870
687	4	3101
3989	1	1870
1683	1	4687
2057	4	3089
4121	1	1870
3524	1	5014
687	10	6223
2057	4	3086
4214	1	1873
4374	1	1487
3785	1	1870
1870	1	4972
3110	1	1870
3821	1	1863
3908	1	1873
4124	1	1870
3563	1	1873
687	4	3644
4196	1	1870
263	4	3215
6167	4	6150
2977	1	4655
3134	1	1870
4250	1	1863
1179	1	4687
4106	1	267
3656	1	267
269	4	3446
1450	4	6150
2057	4	3308
715	10	2840
4253	1	267
3254	1	267
5655	1	2126
269	4	3302
4271	1	1873
3101	1	1863
3827	1	1873
3995	1	1870
4202	1	1870
3620	1	5014
3827	1	1870
687	4	3578
3200	1	1870
3221	1	5020
5522	1	2128
4223	1	5014
687	4	3263
4265	1	280
2077	4	5524
3995	1	1873
3974	1	267
3908	1	5020
1870	1	4503
3788	1	1873
4178	1	1873
3467	1	1870
4547	4	1024
2057	4	3659
4103	1	1873
3338	1	1863
3821	1	1870
3686	1	267
4259	1	5020
3101	1	1873
3908	1	1870
687	4	3521
687	4	3893
4256	1	1870
2491	10	6154
3548	1	1863
1336	1	4687
5705	1	685
687	4	3791
2057	4	3800
1013	4	3953
4680	1	719
687	4	3422
363	4	5471
1240	1	4687
687	4	3548
3257	1	5020
269	10	6151
4010	1	1863
4157	1	1863
3365	1	1863
687	4	3611
687	4	3710
833	4	3302
2057	4	3242
3959	1	5014
5011	1	1981
3209	1	1873
3671	1	267
715	4	5468
687	10	723
3434	1	5017
3797	1	1863
5007	1	4618
6167	4	6160
3554	1	1873
263	4	3851
3425	1	1863
3149	1	1870
263	4	3242
3551	1	5014
2057	4	3464
5653	1	2352
5803	4	6160
3455	1	1873
2057	4	3602
2057	4	3572
6038	4	3470
3824	1	1863
4046	1	267
4124	1	1873
4414	1	267
3842	1	1863
263	4	3962
4271	1	1870
3401	1	1863
3263	1	1863
3821	1	1873
687	4	3209
853	10	6154
1770	4	6150
4205	1	5020
5655	1	2237
3581	1	267
2695	4	5524
4103	1	1870
3218	1	1863
1002	4	5352
143	10	6151
3149	1	1873
263	4	3707
2057	4	3929
1640	10	890
5524	1	2352
2057	4	3671
1013	4	3740
2057	4	4148
3107	1	1863
687	4	3083
3638	1	1863
3185	1	1863
5011	1	1398
3146	1	1863
165	13	267
4214	1	1870
2057	4	3314
2057	4	3902
715	10	304
3455	1	1870
1500	10	313
3443	1	267
721	10	5954
4070	1	5020
3746	1	267
3881	1	1863
3335	1	1863
3797	1	1873
3392	1	1863
687	4	3962
3269	1	1863
1013	4	3182
42	1	2618
5655	1	2239
3983	1	5020
1024	10	6161
687	4	3476
2847	1	5352
3965	1	1863
1987	1	1496
4547	4	4311
4268	1	267
3155	1	267
1013	4	3113
3947	1	267
715	10	2076
3284	1	1863
2847	1	5348
3209	1	1870
715	10	576
1500	10	317
5014	1	1981
2057	4	4169
3788	1	1870
4166	1	1863
3842	1	1870
4022	1	1863
3185	1	1873
2057	4	3707
46	10	2619
3353	1	267
1013	4	3200
2057	10	6157
3668	1	1870
4058	1	1863
3668	1	1873
687	4	3143
4687	1	671
269	10	2615
4684	1	936
2057	4	3782
3956	1	1863
6038	10	919
1013	4	5348
3101	1	1870
2330	1	5783
687	4	3377
715	10	3054
3608	1	267
4250	1	1870
3200	1	5020
2971	10	922
687	4	4127
2695	4	5522
4052	1	5020
2057	10	2072
3263	1	1873
3638	1	1870
2057	4	3065
1013	4	3632
3389	1	267
3248	1	5020
3485	1	1863
687	4	3683
3611	1	1863
3437	1	1863
687	4	3539
3401	1	1870
687	4	3692
2623	1	5020
3593	1	267
263	10	288
3338	1	1873
3392	1	1870
2057	4	3809
2057	4	3158
4687	1	991
3482	1	267
4136	1	267
3713	1	5020
269	10	6158
3824	1	1873
3551	1	5020
833	4	3698
3548	1	1873
5352	1	2352
3881	1	1873
687	4	3341
5011	1	1395
3548	1	1870
2057	4	3290
4103	1	5014
3563	1	5020
715	10	306
5014	1	2008
4010	1	1873
2057	4	3173
5108	1	1492
715	10	2072
3392	1	1873
3425	1	1873
1013	4	4259
3557	1	1863
1002	4	3449
5348	1	2352
3224	1	5020
3800	1	267
269	4	3155
4223	1	5017
4058	1	1870
3095	1	1863
2057	4	3254
687	4	4193
5014	1	2002
3452	1	1863
5011	1	2002
687	4	3551
3107	1	1873
4241	1	267
5522	1	2126
1975	1	4687
269	4	3719
4157	1	1873
4687	1	831
1930	1	4687
687	4	3563
2057	4	4109
5108	1	1487
3455	1	5020
715	1	5793
3896	1	5020
687	10	6152
3401	1	1873
687	10	6156
3176	1	5020
269	4	4247
3638	1	1873
3218	1	1870
2143	1	267
4037	1	1863
2025	1	4687
687	4	3230
2057	4	3194
3146	1	1873
3107	1	1870
3539	1	1863
3965	1	1870
4680	1	831
3620	1	5017
5653	1	2120
2057	4	3992
4374	1	1492
833	10	2615
4145	1	280
3095	1	1873
3953	1	5020
687	4	3506
3956	1	1873
3965	1	1873
3086	1	267
5352	1	2126
715	10	305
3158	1	267
5348	1	2126
721	10	723
2057	10	6156
3533	1	1863
4684	1	831
2057	4	3845
2057	4	3950
3146	1	1870
3797	1	1870
3842	1	1873
687	4	3260
4058	1	1873
3335	1	1873
3365	1	1870
4022	1	1870
2057	4	3662
2677	1	2075
3260	1	1863
4166	1	1870
3485	1	267
1834	1	4684
4557	4	4311
3764	1	267
687	4	3368
1013	4	3248
3995	1	267
3218	1	1873
2057	4	4040
3731	1	5020
4010	1	1870
3485	1	1873
1013	4	3509
263	4	3746
3338	1	1870
3956	1	1870
1013	4	3887
2057	4	3686
5352	1	2120
3824	1	1870
3887	1	267
4031	1	1863
2057	10	285
3767	1	1876
5120	1	279
3374	1	5020
4157	1	1870
3371	1	267
1013	4	5653
3893	1	1863
3557	1	1873
3968	1	5020
3956	1	5020
5007	1	1398
269	4	3530
3461	1	1863
687	4	3575
1426	1	4684
3335	1	1870
3365	1	1873
3917	1	1863
3269	1	1873
5653	1	2126
4680	1	671
1013	4	3467
3095	1	1870
1013	4	3839
3881	1	1870
4166	1	1873
3185	1	1870
5522	1	2120
269	4	5471
5348	1	2120
2337	10	6154
3437	1	1870
1903	1	4687
269	4	4154
3644	1	267
2448	1	5783
3431	1	1863
5522	1	2352
5017	1	1398
2722	4	281
6071	1	3049
4118	1	1863
2057	4	3329
3791	1	1863
687	4	3338
2077	4	5653
3479	1	5020
3227	1	267
2307	1	685
4916	1	279
5017	1	5882
2057	4	3734
1500	10	315
3476	1	1863
3605	1	5020
4085	1	5014
2147	1	2069
2677	1	2980
263	4	4013
3263	1	1870
263	4	3608
4623	1	1487
833	4	3929
687	4	3146
2971	4	3404
4223	1	5020
2057	4	3857
1013	4	4088
4118	1	267
4190	1	1863
2057	4	3911
1314	1	4687
3269	1	1870
1970	1	4687
263	4	4175
3296	1	5020
5653	1	2237
269	4	4064
1426	1	4680
4085	1	5020
687	4	4121
3611	1	1873
5653	1	2239
3518	1	5014
5348	1	2414
1472	1	916
3959	1	5017
4091	1	1876
3284	1	1873
2722	4	686
6071	1	3061
1002	4	3953
1487	1	910
687	4	3323
687	4	4016
2057	4	3614
1013	4	3821
1002	4	3740
3539	1	1873
4374	1	1496
2057	4	3641
3452	1	1873
687	4	3431
272	10	284
3437	1	1873
1683	1	4684
3986	1	5020
3284	1	1870
3701	1	5014
687	4	3494
2057	4	4046
715	10	5527
3848	1	1863
3731	1	1876
4990	1	1487
1013	4	4238
2057	4	3323
3740	1	1876
4690	1	831
3530	1	267
103	10	692
3569	1	5020
3755	1	267
1558	1	4687
5524	1	2120
1007	10	759
1508	1	4687
173	10	6154
4680	1	986
4601	1	279
687	4	3281
4214	1	5020
687	4	3590
3410	1	1863
4978	1	267
4773	1	1487
3164	1	1863
687	4	3434
3725	1	267
3206	1	1863
3983	1	5014
1472	1	910
3611	1	1870
1735	1	267
3893	1	1873
3455	1	1876
3509	1	1863
3037	1	685
687	4	3248
3854	1	1863
3458	1	267
2446	1	5783
715	10	5358
3431	1	1873
3533	1	5020
1013	4	3263
3275	1	5014
3485	1	1870
687	4	3737
1013	4	3257
2057	10	6158
4037	1	1870
2057	4	3653
715	10	2329
1529	1	4687
1183	1	4687
3932	1	267
3410	1	1870
1013	4	3836
2323	1	279
2019	1	4684
3533	1	1870
5007	1	2002
1013	4	3899
3533	1	1873
3545	1	5020
1373	1	4687
1013	4	3344
3833	1	1863
2832	1	5655
5892	1	279
3917	1	1873
3692	1	1876
4022	1	1873
2057	4	3599
2057	4	4049
3923	1	267
3143	1	1863
2057	4	3725
3452	1	1870
2057	4	3935
291	10	2619
5524	1	2155
6092	1	685
3134	1	5014
2057	4	3332
4142	1	5020
687	4	3914
4037	1	1873
1002	4	3200
833	4	3203
3467	1	5020
3140	1	1863
3539	1	1870
5524	1	2239
3650	1	267
1637	4	4019
4007	1	267
3076	10	718
5524	1	2556
5352	1	2239
715	10	2771
1013	4	3569
3959	1	1876
1013	4	3605
1240	1	4684
5352	1	2414
3095	1	5020
687	4	4142
1210	1	279
267	10	2775
3557	1	1870
75	6	267
687	4	3185
4127	1	1863
6040	1	2977
687	4	3584
3260	1	1873
1013	4	3524
4684	1	758
687	4	3079
1002	4	3182
1788	1	2650
2057	4	3503
3701	1	5020
3632	1	267
3374	1	1876
1384	1	4687
3989	1	5020
269	10	724
4118	1	1870
3893	1	1870
687	4	4088
2057	4	3251
1726	1	267
4091	1	5014
3461	1	1870
5108	1	1496
5522	1	2556
687	4	3827
1002	4	3509
2722	4	280
687	4	4181
4699	1	1876
4690	1	936
3437	1	5020
1235	1	4680
833	4	4076
4220	1	5020
5100	1	4687
3398	1	267
3410	1	1873
3791	1	1870
3461	1	1873
1013	4	4178
2491	10	2731
5158	4	3665
687	10	2979
6038	10	284
3821	1	5020
3836	1	1876
3836	1	5020
3836	1	5014
1480	1	910
4271	1	5020
2057	4	3728
3917	1	1870
269	4	3755
687	4	3926
687	4	3467
5175	10	284
1179	1	4680
687	10	724
715	10	3025
4190	1	1873
3824	1	5014
4618	1	1487
687	4	4244
4019	1	1863
1179	1	4684
3260	1	1870
4127	1	5014
6040	1	3049
2057	4	3884
3476	1	1870
4112	1	267
3275	1	5020
1002	4	3887
3938	1	5020
4031	1	1873
3476	1	1873
1013	4	4082
3893	1	5020
4341	1	279
3431	1	1870
1826	1	4687
4250	1	5020
1013	4	3485
3131	1	267
3218	1	5014
1668	1	4687
1013	4	3692
5522	1	2155
5001	1	279
2057	4	3500
269	4	3728
3560	1	1863
40	1	2618
3998	1	267
3959	1	5020
1952	1	4687
3218	1	5020
363	10	6157
269	4	3932
4118	1	1873
1842	1	4687
1492	1	910
3143	1	1873
1903	1	1492
1913	1	279
833	4	3464
1480	1	916
2033	1	4687
3341	1	5020
3206	1	1870
3875	1	1863
3683	1	267
3854	1	1873
1472	1	917
2057	4	3977
687	4	3149
1013	4	3221
3914	1	5014
687	4	3362
3164	1	1870
3779	1	1863
3206	1	5014
1508	1	936
2025	1	4684
687	4	3095
1185	1	511
6075	1	2977
719	6	84
269	10	6159
1500	10	312
715	10	5654
4690	1	986
3437	1	267
3992	1	267
3506	1	5020
1002	4	3836
4190	1	1870
2019	1	1487
687	4	3860
3533	1	5014
3140	1	1873
5996	1	5352
3164	1	1873
719	6	76
2057	4	3941
2057	4	3776
3860	1	267
1336	1	4680
3239	1	5020
1748	1	279
5175	10	5911
1903	1	1496
687	4	4196
3413	1	267
5898	1	279
3509	1	1870
3602	1	267
4773	1	1492
4127	1	1873
5126	1	279
1484	1	910
281	10	317
687	4	4160
263	10	286
4067	1	267
3968	1	5014
3206	1	1873
3848	1	1873
269	4	3353
6075	1	3049
687	4	3872
687	4	3968
1834	1	4690
1161	1	4687
269	4	3626
4220	1	1863
3839	1	5020
2057	4	3272
1336	1	4684
3116	1	267
2444	1	5783
1045	1	279
2586	1	5783
687	4	3959
4684	1	622
2057	4	4034
3143	1	1870
1240	1	4680
687	4	3239
4311	10	766
3833	1	1870
4031	1	1870
1975	1	1487
687	4	3335
2057	4	3125
1013	4	4103
4684	1	986
3704	1	1863
687	4	3989
3230	1	5020
1013	4	3239
40	10	2617
4479	1	1487
3989	1	5014
4127	1	1870
4582	1	267
1002	4	3344
5895	1	279
833	4	3911
4184	1	280
2147	1	3061
3509	1	1873
263	4	4055
1975	1	4684
3278	1	1863
687	4	3395
3110	1	5020
5747	1	5858
3851	1	267
6142	1	2977
4623	1	1492
4115	1	5020
1637	4	3899
721	10	6156
3173	1	280
3422	1	5020
1496	1	910
1013	4	3731
3140	1	1870
3854	1	1870
4547	1	279
2057	4	3227
3704	1	1873
1013	4	4151
4001	1	267
3848	1	1870
3515	1	1863
5572	1	719
715	4	3797
272	10	288
2005	1	1487
1930	1	4684
1683	1	4680
687	4	3803
3833	1	1873
3824	1	5017
1788	1	2627
1028	1	4687
2855	1	5352
3200	1	5014
2057	4	3122
3347	1	267
4079	1	267
3587	1	267
3704	1	1870
4694	1	1876
1340	1	4687
2971	4	3347
263	4	3650
5114	1	1487
3689	1	280
3287	1	1863
2033	1	4684
269	4	3923
1499	1	4687
687	4	3560
3701	1	1876
3833	1	267
1529	1	4684
687	4	3554
3095	1	5014
4990	1	1492
687	4	4157
263	4	3971
1574	1	4687
3164	1	5020
2802	4	3092
1002	4	3821
4690	1	671
2057	4	3905
687	4	3875
4121	1	267
4178	1	5020
687	4	3206
3407	1	267
1013	4	3374
3076	10	716
1002	4	3257
721	10	724
269	4	4241
4202	1	5014
269	4	3236
1668	1	4684
1967	1	511
687	4	3212
2057	4	3830
1972	1	511
715	10	3062
721	10	2978
1571	1	4687
2057	4	3722
2057	4	3695
1964	1	4687
280	10	2775
687	4	3452
3206	1	5017
4235	1	5020
269	4	3473
4912	1	4687
5724	13	267
1637	4	3569
2333	1	5783
5123	1	1487
5123	1	1492
3037	1	719
5158	1	6145
5972	1	5352
1013	4	3218
3965	1	5020
3884	1	267
2005	1	1492
3914	1	5017
2057	4	3119
3710	1	5020
3515	1	1873
1013	4	3914
3938	1	1876
5117	1	279
687	4	4037
3653	1	267
1637	4	3605
4070	1	5014
4022	1	5020
1013	4	3926
687	4	4031
2971	4	3311
263	4	3542
4022	1	5014
3278	1	1873
2057	4	3761
853	4	4031
5854	10	734
1002	4	3485
4211	1	280
1284	1	916
1013	4	3434
4073	1	267
4202	1	5020
3344	1	5014
1037	10	759
3707	1	267
3146	1	5020
687	4	3437
3836	1	5017
2047	4	5384
5114	1	279
2171	10	2964
2057	10	288
687	4	3713
2057	4	3320
5996	1	5653
2073	4	5326
2057	4	3851
4217	1	5014
3512	1	267
4238	1	1876
1013	4	3812
1013	4	3767
3875	1	1870
2057	4	4226
1496	1	1492
687	1	5884
4088	1	5020
687	4	3593
3779	1	1873
3788	1	1876
3590	1	1863
1013	4	3848
4220	1	1873
2057	4	3635
3287	1	1873
1202	10	759
5159	10	5917
1013	4	4142
3773	1	267
3146	1	5014
1930	1	4680
269	10	6153
269	4	3389
4193	1	1863
2695	4	3875
5157	10	5917
2025	1	4680
6134	1	685
3497	1	267
4124	1	5020
1857	1	511
1161	1	4680
3779	1	1870
4196	1	5020
5114	1	1496
1637	4	3230
3392	1	5020
3899	1	5014
4151	1	1876
4019	1	1873
2147	1	2977
3584	1	267
4699	1	1880
1627	1	4687
3317	1	267
3875	1	1873
687	4	3515
4271	1	1876
5992	1	685
5060	1	279
3206	1	5020
1401	1	279
687	4	3512
1013	4	3392
1218	1	4687
687	4	3380
3416	1	5014
2057	4	4139
4019	1	5014
4220	1	1870
3431	1	5020
4019	1	1870
3776	1	267
1013	4	3704
1487	1	1492
2232	10	316
5158	10	2964
1013	4	3959
1468	1	2832
2147	1	2562
4780	1	279
833	4	3497
1373	1	4684
2057	4	3947
1161	1	4684
3335	1	5014
3917	1	1876
3200	1	5017
2057	4	3581
3821	1	5014
1013	4	3479
5407	1	5858
4311	4	5414
687	4	3995
3287	1	1870
97	6	267
4995	1	279
2057	4	3440
1441	1	4687
2843	1	5655
2337	1	2749
5990	1	5352
3278	1	1870
3209	1	5020
4172	1	1863
2695	4	4217
5972	1	5653
4808	1	4687
4604	1	279
5992	1	5352
3284	1	5020
1008	10	282
3230	1	1876
3515	1	1870
4479	1	1492
1007	4	4019
4256	1	5020
1013	4	4010
1377	1	511
3344	1	5017
4052	1	5014
1533	1	4687
3590	1	1873
833	4	4073
1380	1	4687
3101	1	5020
3929	1	267
1013	4	4091
3416	1	5020
3037	1	5783
3320	1	267
1541	1	4687
1013	4	3095
269	10	2617
53	1	2618
3569	1	5014
4274	1	1863
2057	4	3398
2057	10	2964
687	4	4028
1769	1	267
687	4	4001
5081	1	1487
5675	1	2680
5100	1	1487
1013	4	3455
2722	4	715
1436	1	4687
4707	1	936
3143	1	267
4445	1	511
5747	1	5905
4076	1	267
1183	1	511
1013	4	3437
3509	1	5014
4214	1	5014
1013	4	3623
1993	1	1487
6064	1	2977
2036	1	4687
2005	1	1496
4978	1	511
687	4	3176
1849	1	4687
687	4	3833
3107	1	5014
4441	1	1487
2002	1	279
687	4	3824
1604	1	4687
269	4	3587
3575	1	267
1088	1	1487
2605	10	2965
42	10	5779
4172	1	1870
2491	1	2749
3590	1	1870
3902	1	719
1190	1	511
1593	1	4687
2328	1	5783
1993	1	1496
1013	4	4217
1013	4	3305
1883	10	759
3941	1	267
2707	1	279
715	10	2775
1967	1	916
3335	1	5017
715	10	5487
4618	1	1492
3926	1	1863
4607	1	4687
3182	1	5014
5117	1	4687
5171	10	759
1210	1	4687
2057	4	4241
1296	1	910
1496	1	817
2337	10	2736
3076	10	5938
3875	1	5020
2057	4	4130
1574	1	4684
3749	1	280
3980	1	267
3713	1	5014
2971	10	5911
3072	10	5355
1007	4	3848
4985	1	511
1013	4	4166
1810	1	511
5100	1	4684
1571	1	4684
4990	1	1496
1607	1	4687
3107	1	5020
5717	1	5858
4561	10	759
4985	1	916
103	4	2717
1013	4	3833
4715	1	936
4734	1	1487
1423	1	4687
4410	1	267
5990	1	5348
687	4	4214
1964	1	511
2057	10	2563
1296	1	917
1002	4	3731
687	4	4166
3188	1	267
3899	1	5017
3821	1	5017
687	10	2775
3203	1	267
1761	1	4687
5970	1	5352
5111	1	1487
281	10	2733
4773	1	1496
5780	1	6098
4193	1	1873
4193	1	5020
1842	1	4680
1013	4	3476
1206	1	279
3785	1	5020
1990	1	267
4193	1	1870
3752	1	1863
3638	1	5020
1566	10	759
1637	4	3350
5990	1	5653
4190	1	5020
1860	1	4687
4315	1	511
5117	1	1487
1340	1	4684
3926	1	1870
4025	1	267
4665	1	279
715	10	5244
3806	1	267
3308	1	280
687	4	3269
2057	4	4043
1952	1	916
1314	1	4680
1384	1	4684
1013	4	3410
1170	1	4687
3629	1	267
1013	4	3176
3350	1	1863
1917	1	1492
5074	1	4687
1013	4	4268
1887	10	759
2125	10	2731
4178	1	5014
4010	1	5020
1002	4	3812
1538	1	4687
3461	1	5020
1013	4	3710
687	4	3317
1956	1	916
53	10	2979
272	10	286
4274	1	1873
1013	4	4007
6077	1	685
1569	10	2733
4274	1	1870
3893	1	5014
5975	1	5352
1690	1	511
5092	1	4687
833	4	4199
1013	4	3737
1275	1	936
4808	1	4684
1013	10	759
687	4	3767
3082	4	2717
4597	1	511
1849	1	1487
715	10	5952
1515	1	910
3926	1	1873
3827	1	5020
3695	1	280
1637	4	4010
1826	1	4684
1637	4	3107
2073	10	2733
2073	10	905
2008	1	279
1013	4	3515
2107	10	2624
5733	1	2716
3737	1	5020
2033	1	4680
3908	1	5014
2695	4	3752
5977	1	5352
143	10	890
6003	1	685
4311	10	768
1007	4	3218
1843	10	702
269	4	3419
4912	1	4684
4980	1	511
2610	1	769
3332	1	267
1083	1	4687
1013	4	3701
2096	10	2731
2309	1	769
82	6	279
4475	1	916
5988	1	685
5893	10	734
1515	1	916
3182	1	5020
1253	1	4687
3881	1	5014
687	4	3179
1296	1	916
1718	1	936
1013	4	3995
5599	1	2716
3380	1	1863
3647	1	1863
5074	1	4684
687	4	3842
4244	1	1863
1849	1	4684
2057	4	3443
2057	4	3350
1013	4	3278
4998	1	279
5988	1	5352
4707	1	511
4441	1	279
3557	1	5020
5636	1	5858
3152	1	1863
3082	10	2727
3185	1	5020
1917	1	1487
853	4	6160
2214	1	918
4405	1	511
2722	4	267
687	10	6153
1340	1	4680
1002	4	3455
5097	1	511
1013	4	3545
3857	1	267
3404	1	267
1377	1	910
687	4	3410
4256	1	5014
3647	1	5014
5077	1	511
2036	1	4684
3076	10	722
1373	1	4680
3818	1	267
1964	1	4684
4049	1	267
6197	4	6160
687	4	4235
687	4	3956
687	4	3296
4229	1	1863
1013	4	3461
1314	1	4684
1473	4	4091
1473	4	3518
687	4	3110
5780	1	5020
2369	1	280
2113	1	267
3734	1	267
1028	1	4684
1013	4	3788
1722	1	4687
833	4	3806
5092	1	511
3161	1	1863
1781	1	1487
2057	10	286
1487	1	917
5494	1	2716
5212	1	2716
1664	1	279
2057	4	3674
4985	1	917
1218	1	916
1637	4	3164
1253	1	267
3935	1	267
269	4	4025
2167	4	3341
1013	4	3554
1013	4	4022
281	10	2976
5634	1	2680
5582	1	2716
4115	1	267
1288	1	4687
1722	1	936
1541	1	4684
5001	1	4687
2518	1	280
5133	1	511
5970	1	5653
2971	4	4118
687	4	4202
3452	1	5020
2008	1	1487
5614	1	5858
5388	1	2716
1566	10	702
4715	1	916
4220	1	5014
1574	1	4680
1157	1	910
5775	1	2716
1823	1	511
1088	1	1492
687	4	3770
3875	1	5014
2695	4	3338
1857	1	910
4262	1	1863
687	4	3620
2107	10	5782
4190	1	5014
269	10	5779
1533	1	4684
1688	1	4687
4795	1	1487
1013	4	3539
4094	1	1863
3704	1	5020
3353	1	719
5081	1	511
4475	1	936
2971	4	3194
5055	1	279
5175	10	285
5599	1	5858
5975	1	5653
1487	1	817
687	4	3752
3164	1	1876
5081	1	1492
2695	4	3533
1013	4	3146
3752	1	1870
5239	1	2716
1395	1	4687
5088	1	4687
263	10	724
2057	10	6159
6236	1	280
3401	1	5020
3647	1	1870
1406	1	4687
5137	1	4687
3647	1	1873
1377	1	917
687	4	3917
1231	1	1492
715	10	835
5970	1	5348
1013	4	4058
3812	1	1863
3842	1	5014
3350	1	1870
2330	1	918
281	10	5779
4966	1	511
3119	1	719
5856	10	734
1373	1	4690
4960	1	5338
4765	1	279
4912	1	511
2077	10	905
1365	1	4687
1604	1	4684
687	4	4007
1013	4	3908
3488	1	1863
3034	1	5249
1492	1	817
687	4	3878
2695	4	4205
2830	1	5352
267	10	284
5303	1	2716
2506	1	2653
5111	1	1492
3752	1	5020
3076	10	724
4475	1	1487
3881	1	5020
1571	1	4680
1521	1	4687
1013	4	3713
5728	1	5858
1627	1	1487
4037	1	5020
4262	1	1873
5578	1	5858
4061	1	1863
46	10	2617
1300	1	4687
1050	1	279
2554	1	918
5500	1	5783
715	4	4250
2524	1	2680
2412	1	2796
3380	1	1870
2695	4	3284
687	4	3647
2522	1	2680
5103	1	1487
269	4	3542
4615	1	511
1231	1	1487
5500	1	2716
1013	4	4235
2695	4	3854
2971	4	3179
4897	1	511
5970	1	5655
1860	1	4684
1222	1	1487
1157	1	917
3902	1	267
4315	1	1487
1445	1	511
1627	1	4684
3488	1	1873
5977	1	5653
4597	1	4687
4244	1	1870
1013	4	3164
1013	4	3287
2412	1	5959
3380	1	1873
1222	1	1492
2005	1	279
2971	4	3422
5317	1	2716
5242	1	2716
1166	1	2650
3152	1	1870
4909	1	4687
42	10	2617
5636	1	5783
1441	1	4684
1013	4	3269
3647	1	5017
1492	1	1492
1761	1	4680
2830	1	5348
2002	1	1487
687	4	4262
4229	1	1870
3752	1	1873
899	1	2618
1944	1	511
1627	1	1492
5225	1	2716
4607	1	511
5050	1	279
4960	1	511
4449	1	511
3674	1	267
3842	1	5020
5975	1	5348
1468	1	2843
5977	1	5348
2660	4	6160
1157	1	916
4262	1	1870
3854	1	5020
2231	1	5783
715	4	3416
5105	1	279
3161	1	1873
5483	1	5858
3770	1	1863
269	10	6156
1154	1	917
5995	1	5352
5407	1	5783
53	10	2423
1024	10	904
5975	1	5655
268	10	724
4734	1	936
687	10	720
4311	10	767
721	10	6159
1593	1	4684
4702	1	936
5589	1	5858
3647	1	5020
4160	1	267
1607	1	4684
3042	1	2680
1213	1	4687
1769	1	1487
5212	1	2714
5264	1	2716
5083	1	1487
1781	1	1492
1013	4	4250
5636	1	5905
1423	1	4684
1024	10	905
6004	1	5653
3758	1	267
2315	1	2680
3161	1	1870
4838	1	511
3260	1	5014
3122	1	267
3542	1	267
5680	1	2716
1406	1	4684
4739	1	511
5105	1	4687
5088	1	1487
1521	1	4684
1013	4	3785
2675	10	734
2337	1	2739
2381	1	2680
3197	1	267
1823	1	910
4852	1	279
263	1	4287
1170	1	4684
3605	1	5014
4058	1	5014
263	10	285
1013	4	4172
263	4	3656
687	4	3557
1778	1	1487
2506	1	5835
2542	1	2680
687	4	3566
1170	1	4680
1917	1	1496
2506	1	2657
2995	1	685
3812	1	1873
1563	1	4687
4094	1	1873
3566	1	267
3812	1	1870
1307	1	511
1275	1	4281
1024	10	284
4820	1	279
2831	1	5352
2554	1	685
2695	4	3206
40	10	5779
80	6	279
5977	1	5655
4229	1	1873
1404	10	702
5266	1	2716
1002	4	3545
5418	1	5858
4980	1	916
3635	1	267
3059	1	2680
1718	1	916
1781	1	1496
3003	1	2562
4588	1	511
5332	1	5905
4588	1	817
5636	1	2716
1218	1	4684
1679	1	511
1013	4	4202
3872	1	5014
5242	1	5858
2217	1	918
1563	1	511
5212	1	5783
1166	1	916
1013	4	3968
2113	1	685
4244	1	1873
4530	1	4687
1890	1	916
3158	1	719
5103	1	1492
1911	1	279
2695	4	3296
4345	1	511
5034	1	4687
3003	1	2977
3034	1	918
3428	1	1863
1013	4	4190
1119	1	936
1590	1	4687
1054	1	1492
3779	1	5014
3419	1	267
1688	1	4684
2410	1	5783
1533	1	4680
4542	1	1487
1853	1	1487
2695	4	4115
4262	1	5014
4980	1	936
3030	1	2977
5074	1	4690
1441	1	4680
1860	1	1487
4933	1	936
1756	1	279
5578	1	5783
5217	1	2716
1457	1	511
1310	1	511
3770	1	1870
1002	4	4058
1002	4	3461
5971	1	976
1679	1	4687
3827	1	5014
1083	1	4690
3071	10	905
4980	1	279
2214	1	685
4933	1	267
272	10	724
1013	4	3878
1231	1	336
853	4	4229
3488	1	1870
1778	1	1492
4323	1	511
5001	1	4684
2995	1	769
5262	1	5783
2309	1	713
1521	1	4680
5025	1	936
3770	1	1873
3078	10	905
3395	1	1863
3287	1	267
4592	1	1487
5976	1	5352
1742	1	511
2217	1	6147
715	10	740
4951	1	279
2400	1	2796
4951	1	511
3395	1	5014
4792	1	511
1807	1	279
5414	1	279
2412	1	2792
2554	1	6144
5162	1	2716
1581	1	511
1596	1	4687
1637	4	3824
715	10	2423
4727	1	936
6114	1	685
4588	1	831
4795	1	1492
5239	1	2700
2057	1	5868
1054	1	1487
1083	1	4680
1013	4	3881
2542	1	2686
2190	1	2680
715	1	6224
4061	1	1870
2542	1	5959
269	10	6164
4948	1	916
3746	1	280
5592	1	5858
1083	1	4684
5225	1	5858
1013	4	3956
1511	1	910
2500	1	918
1288	1	4684
1231	1	4687
4857	1	1487
3872	1	1863
3245	1	267
5650	1	2716
4319	1	511
272	10	285
3590	1	5020
3311	1	267
5315	1	2716
4061	1	1873
5599	1	2694
2502	1	2653
5549	1	5905
1541	1	4680
5332	1	5783
1637	4	4193
2057	10	692
3629	1	2075
424	10	2617
2400	1	5959
1566	10	3025
2202	1	918
363	10	724
4880	1	4687
5457	1	2716
2400	1	2792
1387	1	511
1688	1	4680
1418	1	4687
3830	1	267
1002	4	3788
5758	1	5858
5756	1	2716
2610	1	2680
1387	1	4687
3428	1	1873
2180	1	6144
4604	1	511
5303	1	2700
5264	1	5783
267	10	724
5081	1	1496
5239	1	2694
5212	1	5858
6237	1	280
1423	1	4680
1013	4	3416
1611	1	936
687	4	3233
3872	1	5017
1146	1	4687
2524	1	2686
2400	1	5962
1300	1	511
5741	1	5858
2263	1	5858
687	4	4223
4956	1	279
5722	1	2716
3779	1	5017
721	10	722
5684	1	2716
2217	1	6144
4592	1	511
5733	1	2709
1637	4	4223
5733	1	2714
687	4	3488
1830	1	936
1738	1	511
4628	1	1487
2695	4	4256
4460	1	4687
3872	1	1870
3779	1	5020
3082	10	733
3815	1	267
5568	1	2716
2321	1	2796
2558	1	2680
687	10	410
5175	10	287
1614	1	917
1300	1	4684
2285	1	6144
5264	1	2709
833	10	6156
1013	4	3161
5403	1	5783
5175	10	411
2695	4	4229
4537	1	1492
2151	1	918
4417	1	368
833	4	3818
1803	1	279
3245	1	1863
4537	1	1487
5707	1	5783
3074	10	905
2120	1	2653
2695	4	4094
1614	1	910
269	4	3818
1406	1	1487
5264	1	2714
2695	4	3989
1013	4	3803
2508	1	6144
4968	1	511
1637	4	4157
4990	1	511
1343	1	511
1738	1	1487
4336	1	279
3971	1	267
1607	1	511
4920	1	4687
4400	1	368
3233	1	267
2502	1	918
4762	1	1487
2047	1	2746
5592	1	5905
687	4	3785
1013	4	3779
2560	1	5783
4897	1	283
1598	1	4687
2695	4	3638
5720	1	2716
1388	10	768
1013	4	3401
687	4	4220
1302	10	722
5976	1	5653
1637	1	4287
1267	1	4687
272	10	722
1799	1	936
1132	1	511
1041	1	279
2586	1	5882
1013	4	3140
2126	1	2069
4887	1	279
2155	1	6144
1350	1	4687
1596	1	1487
1920	1	1492
1054	1	1496
5326	1	2716
5731	1	719
1365	1	4684
4262	1	5017
1614	1	4687
2319	1	5783
5332	1	5858
2440	1	5783
1222	1	936
1002	4	3287
4843	1	511
2504	1	2796
1677	1	2832
5152	1	719
2340	1	685
2057	4	3116
2120	1	918
3428	1	1870
2488	1	769
687	4	4274
5034	1	511
3070	10	905
4491	1	4687
1577	1	336
1013	4	4061
5549	1	5858
1013	4	4220
1461	1	511
5401	1	5653
5083	1	1492
1938	1	4687
1784	1	267
1577	1	511
2011	1	1726
1821	1	916
4926	1	4687
5177	1	5858
4889	1	916
2502	1	2657
364	10	6156
5976	1	5348
5055	1	1487
4226	1	267
3395	1	1873
2128	1	2653
1673	1	4687
721	10	640
5120	1	916
2319	1	2680
1637	4	3881
2011	1	4912
5043	1	1487
1058	1	511
1765	1	2650
2540	1	2680
4857	1	279
2128	1	280
1365	1	4680
1013	4	3896
4369	1	1487
2504	1	5959
3761	1	267
4670	1	4687
6197	10	692
5549	1	5892
1648	1	511
5392	1	5858
4963	1	511
1830	1	332
687	4	3986
4169	1	267
3368	1	267
5175	10	286
4488	1	4687
4833	1	279
1920	1	1487
853	10	717
2153	1	2069
2500	1	2069
4229	1	5014
2504	1	2792
687	4	3245
6017	1	1492
1013	4	3224
1821	1	917
263	4	3380
4004	1	267
4460	1	4684
1110	1	936
4292	1	280
1596	1	916
267	10	288
4395	1	936
2126	1	2653
2206	1	267
2125	10	2727
4564	1	4687
4750	1	511
6018	1	5007
3812	1	5014
4884	1	4687
263	10	495
5733	1	5858
5074	1	4680
2500	1	769
4421	1	917
3500	1	267
1457	1	936
1445	1	916
5043	1	1492
4464	1	916
5688	1	2716
5188	1	6098
1388	10	3025
4862	1	511
715	10	5226
5097	1	4687
2120	1	2657
1738	1	4684
2695	4	3152
2540	1	2686
5971	1	5352
1002	4	4190
3719	1	280
269	10	286
5262	1	2716
4530	1	916
5055	1	1492
2570	1	6144
687	4	3779
2363	1	4812
2504	1	5962
5294	1	5858
2500	1	2653
5120	1	910
1093	10	734
5834	10	692
1984	1	1487
2029	1	511
3428	1	5020
4400	1	916
1799	1	511
1830	1	1487
4923	1	279
1018	1	511
2132	1	280
5762	1	5905
1431	1	511
4526	1	654
268	10	410
687	1	2749
1213	1	511
4945	1	916
4348	1	4687
2594	1	769
3005	1	2069
4920	1	4684
3593	1	280
4720	1	4687
1598	1	4684
2807	1	685
5202	1	5858
2151	1	585
2560	1	6144
3641	1	267
5964	1	685
1637	10	5966
2151	1	2653
1135	1	511
2188	1	769
2175	1	6144
1431	1	916
107	10	718
687	1	5926
5120	1	511
2695	4	4187
5162	1	2709
4495	1	4687
2235	1	918
5557	1	5858
4193	1	1876
5964	1	5352
4369	1	1492
5261	1	5783
3032	1	2701
2239	1	918
4880	1	4690
5557	1	2716
2145	1	713
5158	1	6224
4857	1	1492
4488	1	511
3005	1	3061
1784	1	916
4670	1	511
4522	1	4687
4880	1	4684
5175	10	691
2057	10	3062
2202	1	2796
3614	1	267
1694	1	916
46	10	5779
4951	1	817
2126	1	6144
3428	1	5014
4887	1	916
1013	4	3770
3032	1	5249
3629	1	2980
2145	1	769
4464	1	4687
5162	1	2714
1350	1	4684
1711	1	4687
687	4	3965
2352	1	2792
4542	1	511
5874	10	734
1431	1	917
4426	1	279
345	10	288
4892	1	1487
4758	1	1487
4884	1	936
267	10	495
2384	1	5962
2508	1	6147
1694	1	917
4906	1	511
2212	1	2680
4720	1	4684
853	4	3842
5597	1	5905
2126	1	3061
5724	13	280
719	6	102
107	10	717
5050	1	511
1705	10	734
2940	1	5357
1024	10	906
1984	1	1492
5326	1	5892
5140	1	4684
5069	1	4687
4542	1	1492
2073	10	2727
2317	1	5783
2348	1	918
2430	1	2680
3782	1	267
1704	1	279
5162	1	5892
5699	1	5858
1013	4	3965
4938	1	936
4495	1	936
4464	1	917
2430	1	5783
4199	1	267
2695	4	3335
4526	1	936
2235	1	769
4395	1	931
2206	1	280
6012	1	5352
5231	1	5858
5231	1	2716
1704	1	511
2235	1	6150
2337	1	5926
4484	1	1492
2430	1	5858
2940	1	5661
5505	1	5858
5699	1	2716
2337	1	5924
4872	1	511
263	10	722
687	10	904
4369	1	1496
4488	1	4684
3158	1	280
2188	1	4676
5202	1	5905
4464	1	936
2109	1	267
1388	10	2246
2695	4	3428
4577	1	4687
4526	1	511
1119	1	931
1923	1	4687
5140	1	4687
2294	1	280
5576	1	2716
1758	1	4687
2231	1	585
2363	1	4670
5773	1	5905
715	10	2982
2940	1	5659
1984	1	1496
5192	1	2716
4572	1	832
5505	1	2716
5166	1	5783
4884	1	4684
4758	1	511
5097	1	1487
1473	10	410
5097	1	1496
2363	1	5117
5334	1	2716
280	10	722
5065	1	4687
2491	1	5924
5699	1	5783
4673	1	511
2057	10	549
4847	1	817
4673	1	279
721	10	495
715	10	5387
40	10	2622
3076	10	720
2695	4	3917
2612	1	2069
5576	1	5858
1704	1	4687
4951	1	368
1624	1	4684
5050	1	916
715	10	690
2491	1	2739
5158	1	5926
5429	1	5905
4668	1	511
1711	1	1487
6238	1	1492
5052	1	279
2491	1	5926
2231	1	6150
5803	10	692
5336	1	2716
269	10	722
3076	10	6164
2309	1	283
5429	1	5892
2350	1	5842
364	10	282
2550	1	279
1197	1	4687
4348	1	4684
719	6	63
2350	1	5835
5399	1	5524
4460	1	936
1699	1	4687
4744	1	279
1197	1	4684
715	10	2998
3009	1	5249
2350	1	6205
2134	1	6144
1640	10	5914
3398	1	280
40	10	3253
1913	1	4687
2456	1	2792
5334	1	2694
5175	10	410
5505	1	5905
1477	10	410
5175	10	413
1601	1	511
4460	1	4690
1715	1	4687
6015	1	5352
6015	1	5653
1388	10	2497
4456	1	511
2243	1	2680
5152	1	685
2229	1	529
2039	1	4277
263	10	2078
3122	1	5659
1002	11	524
53	10	3358
4305	10	282
715	10	2479
2350	1	5846
2350	1	5845
1411	1	511
2255	1	5783
1566	10	2246
269	1	6163
1013	11	524
363	1	6163
2612	1	713
4942	1	936
687	10	296
5374	1	5858
4995	1	4687
2047	10	757
363	10	282
5840	10	2723
2229	1	713
42	10	2622
103	10	691
2073	1	5912
1388	10	2349
2456	1	2796
687	10	495
2229	1	769
4311	10	5226
6238	1	1487
103	10	693
3082	6	102
2757	10	6164
721	1	6163
2456	1	5962
2574	1	2680
2107	10	5781
2232	1	2739
2324	1	5918
2337	1	2730
1883	10	760
2971	10	549
687	10	411
103	10	696
853	10	549
262	1	5918
4305	10	5226
833	10	2626
1388	10	5387
1640	10	549
269	10	2622
1101	10	5778
5189	1	6098
3071	1	5912
40	10	3358
1566	10	2349
2478	1	5249
5171	10	760
1566	10	5387
40	10	3826
268	1	6163
53	10	3826
5164	10	760
267	10	2078
2478	1	5783
1346	10	760
2491	1	2730
281	10	551
1024	10	282
1388	10	5226
1504	10	411
361	1	6163
40	10	3256
1007	11	524
2478	1	5858
2257	1	5348
1202	10	760
2057	10	3826
4305	10	735
1637	10	2349
1637	10	4216
771	10	551
1500	10	693
759	10	282
53	10	3253
1640	10	551
5151	10	2626
53	10	282
1637	11	524
715	1	6163
4561	10	760
1357	10	760
5594	10	760
853	10	551
317	10	2626
2257	1	5655
2873	10	3826
1640	10	550
5216	10	2620
1637	10	3523
2057	1	6155
1301	10	4216
1013	10	4216
1002	10	4216
269	10	3543
364	10	3543
90	6	280
2057	10	3256
1008	10	4057
833	10	3130
40	10	3130
267	10	4216
5044	10	3130
2077	10	735
53	10	3598
5044	10	3523
1301	10	3130
2873	10	3130
1473	10	4216
40	10	3598
53	10	3685
1301	10	3523
715	10	3543
4548	10	3523
53	10	3976
2689	10	3523
1924	10	3523
40	10	3685
1301	10	3598
1301	10	3685
1008	10	3700
1615	10	3598
90	6	267
1637	10	3700
4305	10	3700
715	1	6230
53	10	3256
2971	10	3256
2873	10	3256
4548	10	3598
40	18	45
178	13	2717
178	13	5908
2980	12	6258
178	13	2947
2075	12	6258
2971	1	5915
2057	1	5915
687	18	45
2980	12	6241
2980	12	6249
2075	12	6241
2075	12	6249
2980	12	6250
178	13	685
2075	12	6250
267	12	6258
2562	12	6247
2980	12	6243
719	12	6249
2075	12	6247
2980	12	6247
2075	12	6243
2562	12	6260
719	12	6260
2977	12	6260
3049	12	6260
267	12	6243
719	12	6243
2980	12	6257
2075	12	6257
281	18	45
2562	12	6257
2977	12	6257
2562	12	6241
2562	12	6250
3049	12	6241
2980	12	6259
2075	12	6259
2422	12	6241
2977	12	6241
2562	12	6254
2977	12	6254
3049	12	6254
2422	12	6254
2075	12	6240
2980	12	6240
2562	12	6259
3061	12	6254
2075	12	6245
2980	12	6254
719	12	6259
2980	12	6245
715	10	686
496	10	715
496	10	717
496	10	718
496	10	716
496	10	724
496	10	721
853	10	770
269	10	686
5151	10	686
496	10	720
899	10	717
2119	10	686
172	10	686
721	4	5014
2047	10	686
5905	4	363
899	10	718
496	10	722
721	4	5007
2084	10	2057
721	4	1873
853	10	771
5017	1	6160
899	10	716
2111	10	686
721	4	5017
721	4	1863
721	4	1870
2171	10	2057
5359	1	976
5011	1	6160
5014	1	6160
721	4	5011
5007	1	6160
899	10	722
5020	1	6160
5354	1	976
6042	10	687
364	10	282
721	4	1880
1876	1	6160
5899	4	363
2104	10	2057
5530	1	976
2260	10	2057
1880	1	6160
899	10	724
2047	13	5905
721	4	5020
5659	1	976
2138	10	2057
5357	1	976
5017	1	6150
1873	1	6160
759	10	282
2197	10	687
5526	1	976
717	4	1863
2047	13	5794
721	4	1876
130	10	2057
2131	10	2057
1870	1	6160
2171	10	6038
717	4	5007
5011	1	6150
717	4	5014
717	4	1870
6148	4	363
5014	1	6150
1863	1	6160
5020	1	6150
1059	4	5014
718	4	1863
1059	4	5007
717	4	5017
5352	1	976
1059	4	5017
717	4	1873
5007	1	6150
5528	1	976
1059	4	5011
5655	1	976
718	4	5007
5661	1	976
6093	10	6038
718	4	5014
717	4	5011
2104	10	6038
2084	10	6038
6021	4	5007
1876	1	6150
5734	10	6038
6094	10	6038
5348	1	976
2463	10	724
5657	1	976
1873	1	6150
1880	1	6150
6150	4	4305
721	1	5854
6150	4	1024
3839	1	5899
5905	4	899
2047	10	759
6150	4	4311
6046	10	724
170	1	5854
5899	4	899
1863	1	6150
1870	1	6150
170	1	2688
5011	1	2677
172	10	771
5151	10	759
6150	4	2044
281	1	2688
4103	1	5899
6150	4	1008
1876	1	2225
4799	4	6038
2966	10	759
5007	1	5902
5905	4	833
1873	1	2225
6150	4	687
5020	1	2225
1863	1	2225
4799	4	5161
4799	4	2057
4799	4	5175
6148	4	899
1880	1	2225
2107	1	2688
5899	4	686
715	1	5008
42	10	771
1870	1	2225
5946	1	279
721	1	2688
6150	4	6021
6150	4	363
5905	4	686
269	10	770
6150	4	721
1640	1	2688
1391	1	6163
1569	1	6163
1569	1	2688
172	10	770
1640	1	6163
5899	4	833
158	1	2688
833	10	770
5899	4	2492
5905	4	2492
5899	4	2338
42	10	770
5905	4	687
5905	4	170
40	10	771
715	1	1568
3281	4	3039
3281	4	1201
3281	4	4279
3281	4	2332
715	1	1061
6045	10	722
3281	4	1327
2527	10	722
2463	10	722
6148	4	833
3281	4	1846
3281	4	1279
3281	4	3022
115	13	1873
115	13	5014
2058	4	3893
5151	4	3935
5151	4	3905
3076	1	2833
5151	4	3443
5151	4	3980
5151	4	3860
1036	4	3590
1036	4	3230
281	4	3200
5151	4	4046
1036	4	3983
5151	4	3179
5151	4	3620
5151	4	3950
1036	4	3278
131	13	4361
1036	4	3350
1391	4	3209
5151	4	3809
2631	1	2834
5151	4	3884
5151	4	3671
899	10	2982
5216	4	3206
131	13	4315
1036	4	3938
5151	4	3386
131	13	5100
3082	1	2833
131	13	4818
5151	4	3830
5151	4	3902
3076	1	2834
1391	4	3335
5151	4	4139
5151	4	3686
1391	4	4124
1036	4	3692
178	13	685
5151	4	4076
5151	4	3650
5151	4	4013
176	13	6075
176	13	2333
496	10	718
496	10	717
496	10	722
496	10	720
496	10	716
496	10	724
496	10	501
496	10	723
899	10	501
759	10	282
899	10	717
899	10	718
496	10	715
899	10	716
172	10	686
924	10	501
899	10	722
899	10	724
899	10	720
172	10	702
2047	10	715
496	10	721
269	10	686
364	10	282
715	10	686
1525	10	686
2047	1	724
2047	1	717
899	10	715
2121	10	759
2971	10	715
2121	14	758
2121	14	279
3839	4	2195
924	10	718
2232	14	758
2232	14	279
150	10	6038
4103	4	2195
1101	10	759
5783	4	2338
2966	1	724
5967	1	724
4082	4	2195
150	10	2057
3617	4	2195
2313	10	2057
5783	4	2492
5783	4	686
3668	4	2195
5866	4	2338
853	10	771
6235	1	724
6232	1	724
3618	10	687
2794	10	724
5866	4	686
771	10	2057
1525	10	687
1301	10	724
2700	4	143
147	10	2057
3839	4	2171
147	10	6038
2700	4	158
2313	10	6038
3839	4	2084
771	10	6038
2058	10	6038
3839	4	2130
853	10	770
5151	13	5768
3839	4	2993
5007	1	1541
